{"books": [{"name": "Genesis", "abbrev": "Gen", "genre": "Law"}, {"name": "Exodus", "abbrev": "Exod", "genre": "Law"}, {"name": "Leviticus", "abbrev": "Lev", "genre": "Law"}, {"name": "Numbers", "abbrev": "Num", "genre": "Law"}, {"name": "Deuteronomy", "abbrev": "Deut", "genre": "Law"}, {"name": "Joshua", "abbrev": "Josh", "genre": "History"}, {"name": "Judges", "abbrev": "Judg", "genre": "History"}, {"name": "Ruth", "abbrev": "Ruth", "genre": "History"}, {"name": "1 Samuel", "abbrev": "1Sam", "genre": "History"}, {"name": "2 Samuel", "abbrev": "2Sam", "genre": "History"}, {"name": "1 Kings", "abbrev": "1Kgs", "genre": "History"}, {"name": "2 Kings", "abbrev": "2Kgs", "genre": "History"}, {"name": "1 Chronicles", "abbrev": "1Chr", "genre": "History"}, {"name": "2 Chronicles", "abbrev": "2Chr", "genre": "History"}, {"name": "Ezra", "abbrev": "Ezra", "genre": "History"}, {"name": "Nehemiah", "abbrev": "Neh", "genre": "History"}, {"name": "Esther", "abbrev": "Esth", "genre": "History"}, {"name": "Job", "abbrev": "Job", "genre": "Wisdom"}, {"name": "Psalms", "abbrev": "Ps", "genre": "Wisdom"}, {"name": "Proverbs", "abbrev": "Prov", "genre": "Wisdom"}, {"name": "Ecclesiastes", "abbrev": "Eccl", "genre": "Wisdom"}, {"name": "Song of Solomon", "abbrev": "Song", "genre": "Wisdom"}, {"name": "Isaiah", "abbrev": "Isa", "genre": "Major Prophets"}, {"name": "Jeremiah", "abbrev": "Jer", "genre": "Major Prophets"}, {"name": "Lamentations", "abbrev": "Lam", "genre": "Major Prophets"}, {"name": "Ezekiel", "abbrev": "Ezek", "genre": "Major Prophets"}, {"name": "Daniel", "abbrev": "Dan", "genre": "Major Prophets"}, {"name": "Hosea", "abbrev": "Hos", "genre": "Minor Prophets"}, {"name": "Joel", "abbrev": "Joel", "genre": "Minor Prophets"}, {"name": "Amos", "abbrev": "Amos", "genre": "Minor Prophets"}, {"name": "Obadiah", "abbrev": "Obad", "genre": "Minor Prophets"}, {"name": "Jonah", "abbrev": "Jonah", "genre": "Minor Prophets"}, {"name": "Micah", "abbrev": "Mic", "genre": "Minor Prophets"}, {"name": "Nahum", "abbrev": "Nah", "genre": "Minor Prophets"}, {"name": "Habakkuk", "abbrev": "Hab", "genre": "Minor Prophets"}, {"name": "Zephaniah", "abbrev": "Zeph", "genre": "Minor Prophets"}, {"name": "Haggai", "abbrev": "Hag", "genre": "Minor Prophets"}, {"name": "Zechariah", "abbrev": "Zech", "genre": "Minor Prophets"}, {"name": "Malachi", "abbrev": "Mal", "genre": "Minor Prophets"}, {"name": "Matthew", "abbrev": "Matt", "genre": "Gospels"}, {"name": "Mark", "abbrev": "Mark", "genre": "Gospels"}, {"name": "Luke", "abbrev": "Luke", "genre": "Gospels"}, {"name": "John", "abbrev": "John", "genre": "Gospels"}, {"name": "Acts", "abbrev": "Acts", "genre": "Acts"}, {"name": "Romans", "abbrev": "Rom", "genre": "Pauline Epistles"}, {"name": "1 Corinthians", "abbrev": "1Cor", "genre": "Pauline Epistles"}, {"name": "2 Corinthians", "abbrev": "2Cor", "genre": "Pauline Epistles"}, {"name": "Galatians", "abbrev": "Gal", "genre": "Pauline Epistles"}, {"name": "Ephesians", "abbrev": "Eph", "genre": "Pauline Epistles"}, {"name": "Philippians", "abbrev": "Phil", "genre": "Pauline Epistles"}, {"name": "Colossians", "abbrev": "Col", "genre": "Pauline Epistles"}, {"name": "1 Thessalonians", "abbrev": "1Thess", "genre": "Pauline Epistles"}, {"name": "2 Thessalonians", "abbrev": "2Thess", "genre": "Pauline Epistles"}, {"name": "1 Timothy", "abbrev": "1Tim", "genre": "Pauline Epistles"}, {"name": "2 Timothy", "abbrev": "2Tim", "genre": "Pauline Epistles"}, {"name": "Titus", "abbrev": "Titus", "genre": "Pauline Epistles"}, {"name": "Philemon", "abbrev": "Phlm", "genre": "Pauline Epistles"}, {"name": "Hebrews", "abbrev": "Heb", "genre": "General Epistles"}, {"name": "James", "abbrev": "Jas", "genre": "General Epistles"}, {"name": "1 Peter", "abbrev": "1Pet", "genre": "General Epistles"}, {"name": "2 Peter", "abbrev": "2Pet", "genre": "General Epistles"}, {"name": "1 John", "abbrev": "1John", "genre": "General Epistles"}, {"name": "2 John", "abbrev": "2John", "genre": "General Epistles"}, {"name": "3 John", "abbrev": "3John", "genre": "General Epistles"}, {"name": "Jude", "abbrev": "Jude", "genre": "General Epistles"}, {"name": "Revelation", "abbrev": "Rev", "genre": "Apocalyptic"}], "matrix": [[1.0, 0.6833, 0.5719, 0.6946, 0.7561, 0.6355, 0.7973, 0.8407, 0.7626, 0.739, 0.6914, 0.5777, 0.4314, 0.4632, 0.4666, 0.4807, 0.5324, 0.6805, 0.6403, 0.6884, 0.6536, 0.506, 0.6005, 0.6128, 0.514, 0.6238, 0.494, 0.5409, 0.4655, 0.6331, 0.6465, 0.6438, 0.5883, 0.5334, 0.5914, 0.3441, 0.5169, 0.5608, 0.6787, 0.6924, 0.6585, 0.708, 0.6417, 0.5624, 0.5496, 0.5678, 0.4931, 0.5394, 0.509, 0.3937, 0.4926, 0.4576, 0.3565, 0.4336, 0.496, 0.403, 0.6015, 0.5599, 0.6423, 0.5561, 0.4278, 0.4771, 0.5418, 0.5422, 0.4026, 0.4001], [0.6833, 1.0, 0.837, 0.8586, 0.8538, 0.5831, 0.6312, 0.6238, 0.6272, 0.5589, 0.672, 0.5188, 0.3338, 0.5537, 0.529, 0.5262, 0.4151, 0.5973, 0.6831, 0.6062, 0.535, 0.5143, 0.6653, 0.6656, 0.5384, 0.7608, 0.4743, 0.5358, 0.543, 0.6527, 0.5957, 0.5895, 0.6489, 0.5777, 0.6461, 0.4227, 0.6212, 0.6682, 0.7638, 0.7111, 0.6818, 0.7037, 0.6878, 0.5899, 0.6149, 0.6346, 0.5426, 0.5814, 0.6136, 0.4432, 0.6162, 0.5357, 0.4869, 0.4744, 0.5777, 0.4478, 0.6315, 0.7344, 0.6207, 0.646, 0.5102, 0.5377, 0.5758, 0.5549, 0.4802, 0.5504], [0.5719, 0.837, 1.0, 0.8038, 0.8215, 0.4861, 0.5092, 0.5485, 0.5236, 0.4615, 0.5468, 0.4394, 0.2103, 0.4543, 0.4207, 0.425, 0.3102, 0.5446, 0.6123, 0.5913, 0.4658, 0.4366, 0.5839, 0.6025, 0.4943, 0.719, 0.3543, 0.514, 0.5134, 0.5907, 0.5424, 0.5001, 0.6146, 0.4901, 0.5648, 0.4022, 0.5363, 0.5766, 0.7594, 0.6892, 0.6417, 0.6645, 0.6542, 0.5213, 0.6728, 0.6429, 0.505, 0.635, 0.6257, 0.4338, 0.6391, 0.517, 0.4798, 0.5252, 0.5582, 0.5157, 0.6195, 0.7258, 0.647, 0.6503, 0.5362, 0.6026, 0.6064, 0.5414, 0.5056, 0.4807], [0.6946, 0.8586, 0.8038, 1.0, 0.7983, 0.7477, 0.6941, 0.5984, 0.6522, 0.5956, 0.636, 0.5146, 0.5472, 0.5649, 0.6193, 0.6272, 0.3541, 0.4927, 0.5684, 0.5188, 0.4508, 0.3788, 0.5428, 0.5849, 0.4511, 0.6493, 0.3403, 0.4737, 0.486, 0.5983, 0.5667, 0.5019, 0.5749, 0.4842, 0.5426, 0.3376, 0.5449, 0.575, 0.7055, 0.6215, 0.598, 0.6194, 0.5994, 0.5142, 0.5343, 0.5458, 0.452, 0.5089, 0.4967, 0.3421, 0.4887, 0.4369, 0.3687, 0.4032, 0.4767, 0.3854, 0.5383, 0.6669, 0.5334, 0.5389, 0.4082, 0.4495, 0.4762, 0.4683, 0.4, 0.4039], [0.7561, 0.8538, 0.8215, 0.7983, 1.0, 0.6918, 0.738, 0.7161, 0.7115, 0.6618, 0.7293, 0.6159, 0.3099, 0.6005, 0.5275, 0.541, 0.4505, 0.7175, 0.8303, 0.7531, 0.6616, 0.5457, 0.7984, 0.8289, 0.6608, 0.8571, 0.5405, 0.6777, 0.6639, 0.7952, 0.7614, 0.6685, 0.8069, 0.6982, 0.7837, 0.5765, 0.6734, 0.7244, 0.8766, 0.7874, 0.7149, 0.7706, 0.7306, 0.634, 0.7126, 0.6976, 0.6037, 0.6672, 0.673, 0.4965, 0.6666, 0.627, 0.5674, 0.5541, 0.6574, 0.5355, 0.7275, 0.7208, 0.7507, 0.7273, 0.6273, 0.639, 0.6921, 0.6816, 0.5761, 0.5695], [0.6355, 0.5831, 0.4861, 0.7477, 0.6918, 1.0, 0.8093, 0.545, 0.6782, 0.6336, 0.6012, 0.5412, 0.5896, 0.5615, 0.5638, 0.6226, 0.3416, 0.4057, 0.4778, 0.4482, 0.3975, 0.2655, 0.4847, 0.5587, 0.3888, 0.5498, 0.3074, 0.4387, 0.4362, 0.5784, 0.5932, 0.4393, 0.5328, 0.5038, 0.5175, 0.3729, 0.4367, 0.4683, 0.5258, 0.4533, 0.4274, 0.4519, 0.4127, 0.4004, 0.3402, 0.3578, 0.3195, 0.3348, 0.3096, 0.2118, 0.3014, 0.3297, 0.2341, 0.222, 0.3253, 0.2336, 0.3889, 0.3864, 0.4211, 0.3661, 0.2665, 0.3039, 0.3501, 0.3827, 0.259, 0.2535], [0.7973, 0.6312, 0.5092, 0.6941, 0.738, 0.8093, 1.0, 0.7352, 0.8887, 0.8486, 0.7743, 0.7391, 0.4884, 0.6432, 0.5132, 0.569, 0.5339, 0.6319, 0.6183, 0.6834, 0.6187, 0.4051, 0.6226, 0.6835, 0.5484, 0.6344, 0.493, 0.6362, 0.5028, 0.7154, 0.6987, 0.6063, 0.6619, 0.6123, 0.6638, 0.4128, 0.4973, 0.5745, 0.6584, 0.6482, 0.6103, 0.6465, 0.5638, 0.5418, 0.477, 0.5202, 0.4672, 0.4671, 0.4174, 0.3295, 0.3951, 0.4349, 0.3382, 0.3536, 0.4682, 0.3487, 0.5188, 0.4498, 0.6355, 0.5072, 0.408, 0.4079, 0.4491, 0.4872, 0.4171, 0.3545], [0.8407, 0.6238, 0.5485, 0.5984, 0.7161, 0.545, 0.7352, 1.0, 0.7268, 0.724, 0.6893, 0.5653, 0.3681, 0.4583, 0.4561, 0.4937, 0.5479, 0.624, 0.6254, 0.7238, 0.6166, 0.6109, 0.5934, 0.6136, 0.5237, 0.609, 0.4008, 0.5383, 0.468, 0.6003, 0.6031, 0.5669, 0.6069, 0.5044, 0.5344, 0.3809, 0.5214, 0.5603, 0.6634, 0.7102, 0.6594, 0.7254, 0.6518, 0.5833, 0.5562, 0.6194, 0.5518, 0.5503, 0.536, 0.4847, 0.5456, 0.5263, 0.3971, 0.5278, 0.5415, 0.4593, 0.6658, 0.5102, 0.6489, 0.5999, 0.4227, 0.4714, 0.5904, 0.6365, 0.394, 0.3519], [0.7626, 0.6272, 0.5236, 0.6522, 0.7115, 0.6782, 0.8887, 0.7268, 1.0, 0.9233, 0.7892, 0.6878, 0.4772, 0.6294, 0.4787, 0.5191, 0.5727, 0.6823, 0.6757, 0.7063, 0.6282, 0.4325, 0.5975, 0.6447, 0.5669, 0.5919, 0.5118, 0.5584, 0.4594, 0.656, 0.6437, 0.6317, 0.6445, 0.5519, 0.6322, 0.3496, 0.4721, 0.5518, 0.662, 0.6856, 0.6519, 0.6898, 0.6247, 0.5874, 0.4934, 0.5408, 0.5037, 0.471, 0.4535, 0.3915, 0.4441, 0.453, 0.336, 0.3839, 0.5201, 0.3662, 0.5747, 0.4893, 0.6306, 0.5502, 0.3967, 0.436, 0.4737, 0.5313, 0.401, 0.3243], [0.739, 0.5589, 0.4615, 0.5956, 0.6618, 0.6336, 0.8486, 0.724, 0.9233, 1.0, 0.8262, 0.7115, 0.5391, 0.645, 0.4879, 0.5356, 0.5802, 0.6752, 0.6734, 0.7071, 0.6179, 0.444, 0.566, 0.6094, 0.5523, 0.5548, 0.4798, 0.5158, 0.4044, 0.614, 0.6261, 0.5831, 0.6044, 0.5481, 0.6048, 0.3173, 0.4203, 0.4902, 0.5993, 0.6404, 0.6049, 0.6402, 0.5889, 0.5002, 0.4374, 0.4765, 0.445, 0.3935, 0.3931, 0.3493, 0.3956, 0.3865, 0.2653, 0.3248, 0.4643, 0.3106, 0.553, 0.4147, 0.5763, 0.4817, 0.3263, 0.4028, 0.4542, 0.5015, 0.3295, 0.2758], [0.6914, 0.672, 0.5468, 0.636, 0.7293, 0.6012, 0.7743, 0.6893, 0.7892, 0.8262, 1.0, 0.8713, 0.5232, 0.8625, 0.636, 0.6226, 0.5501, 0.6262, 0.6479, 0.6902, 0.6598, 0.4602, 0.6266, 0.7092, 0.5277, 0.6839, 0.5613, 0.6336, 0.4473, 0.6922, 0.584, 0.5946, 0.6584, 0.5642, 0.6314, 0.3965, 0.6026, 0.5973, 0.6952, 0.6747, 0.6223, 0.6652, 0.6212, 0.5323, 0.4655, 0.5252, 0.4526, 0.4409, 0.4383, 0.3533, 0.4509, 0.4081, 0.3005, 0.3793, 0.4996, 0.35, 0.5554, 0.51, 0.5951, 0.503, 0.4038, 0.4434, 0.4903, 0.5059, 0.3527, 0.3937], [0.5777, 0.5188, 0.4394, 0.5146, 0.6159, 0.5412, 0.7391, 0.5653, 0.6878, 0.7115, 0.8713, 1.0, 0.4318, 0.829, 0.5809, 0.5862, 0.5343, 0.5612, 0.5264, 0.5852, 0.5811, 0.2803, 0.6055, 0.7284, 0.5597, 0.6371, 0.5563, 0.6779, 0.4615, 0.7227, 0.5669, 0.5456, 0.6483, 0.5852, 0.6079, 0.4359, 0.5685, 0.5612, 0.6121, 0.587, 0.5441, 0.5761, 0.5103, 0.4461, 0.3294, 0.3636, 0.3114, 0.3233, 0.2467, 0.1771, 0.2536, 0.275, 0.1927, 0.2414, 0.3549, 0.2335, 0.3813, 0.3681, 0.5012, 0.3615, 0.3241, 0.3133, 0.3329, 0.3724, 0.2685, 0.3216], [0.4314, 0.3338, 0.2103, 0.5472, 0.3099, 0.5896, 0.4884, 0.3681, 0.4772, 0.5391, 0.5232, 0.4318, 1.0, 0.6129, 0.7847, 0.7999, 0.2748, 0.1757, 0.2462, 0.2159, 0.2157, 0.1505, 0.1886, 0.2645, 0.1805, 0.2463, 0.145, 0.1885, 0.1826, 0.2676, 0.2836, 0.1559, 0.2375, 0.219, 0.2144, 0.1172, 0.3015, 0.2435, 0.2496, 0.1464, 0.1296, 0.1636, 0.1327, 0.144, 0.0401, 0.0989, 0.0732, 0.03, 0.0671, 0.0433, 0.0821, 0.0632, -0.0667, 0.0581, 0.1168, 0.0507, 0.2051, 0.1302, 0.1095, 0.0758, -0.0402, 0.0275, 0.0974, 0.18, -0.033, 0.0144], [0.4632, 0.5537, 0.4543, 0.5649, 0.6005, 0.5615, 0.6432, 0.4583, 0.6294, 0.645, 0.8625, 0.829, 0.6129, 1.0, 0.7586, 0.728, 0.478, 0.4339, 0.5288, 0.5037, 0.5081, 0.303, 0.519, 0.6206, 0.4608, 0.567, 0.4741, 0.5671, 0.4003, 0.5822, 0.4607, 0.4163, 0.5646, 0.4801, 0.5159, 0.3578, 0.5729, 0.5086, 0.5864, 0.4559, 0.397, 0.4495, 0.3949, 0.3761, 0.3062, 0.3436, 0.3132, 0.2808, 0.3049, 0.2348, 0.319, 0.2895, 0.1851, 0.2427, 0.3603, 0.2327, 0.3928, 0.3866, 0.4222, 0.3588, 0.2546, 0.2786, 0.3288, 0.3647, 0.2118, 0.2734], [0.4666, 0.529, 0.4207, 0.6193, 0.5275, 0.5638, 0.5132, 0.4561, 0.4787, 0.4879, 0.636, 0.5809, 0.7847, 0.7586, 1.0, 0.9408, 0.4627, 0.3059, 0.4052, 0.3673, 0.3516, 0.2742, 0.419, 0.5409, 0.349, 0.5106, 0.4032, 0.3847, 0.3732, 0.4613, 0.3923, 0.3554, 0.4672, 0.3838, 0.3986, 0.324, 0.5879, 0.4843, 0.4993, 0.3875, 0.3488, 0.3903, 0.33, 0.4367, 0.2761, 0.3262, 0.3259, 0.285, 0.2813, 0.2545, 0.3089, 0.3019, 0.1815, 0.2548, 0.3692, 0.2538, 0.4289, 0.3441, 0.3138, 0.3335, 0.1947, 0.2021, 0.3148, 0.3946, 0.1907, 0.2486], [0.4807, 0.5262, 0.425, 0.6272, 0.541, 0.6226, 0.569, 0.4937, 0.5191, 0.5356, 0.6226, 0.5862, 0.7999, 0.728, 0.9408, 1.0, 0.4376, 0.3268, 0.4308, 0.4021, 0.3722, 0.2785, 0.4159, 0.5465, 0.4037, 0.5153, 0.3288, 0.3812, 0.405, 0.4845, 0.4258, 0.3571, 0.4831, 0.3911, 0.4119, 0.3374, 0.5396, 0.4654, 0.5022, 0.3993, 0.3623, 0.4044, 0.3337, 0.4284, 0.261, 0.3208, 0.3173, 0.2801, 0.262, 0.2482, 0.2922, 0.3056, 0.1637, 0.2596, 0.3484, 0.2575, 0.4306, 0.3136, 0.34, 0.3194, 0.1886, 0.1926, 0.3022, 0.4173, 0.1816, 0.2071], [0.5324, 0.4151, 0.3102, 0.3541, 0.4505, 0.3416, 0.5339, 0.5479, 0.5727, 0.5802, 0.5501, 0.5343, 0.2748, 0.478, 0.4627, 0.4376, 1.0, 0.4834, 0.4451, 0.5779, 0.5598, 0.3511, 0.445, 0.4954, 0.4101, 0.4234, 0.6269, 0.335, 0.3473, 0.4426, 0.4571, 0.43, 0.4642, 0.4428, 0.438, 0.3055, 0.389, 0.395, 0.4214, 0.4985, 0.4565, 0.5045, 0.3954, 0.4653, 0.3077, 0.3563, 0.3573, 0.294, 0.2728, 0.2938, 0.292, 0.3153, 0.2355, 0.2661, 0.3556, 0.2493, 0.3936, 0.2616, 0.4317, 0.4111, 0.2314, 0.2137, 0.337, 0.3804, 0.2364, 0.2983], [0.6805, 0.5973, 0.5446, 0.4927, 0.7175, 0.4057, 0.6319, 0.624, 0.6823, 0.6752, 0.6262, 0.5612, 0.1757, 0.4339, 0.3059, 0.3268, 0.4834, 1.0, 0.8478, 0.8055, 0.8207, 0.5368, 0.7978, 0.7534, 0.7671, 0.7205, 0.601, 0.662, 0.612, 0.7467, 0.6901, 0.7574, 0.7485, 0.7367, 0.8225, 0.5381, 0.5578, 0.6396, 0.7356, 0.7212, 0.6663, 0.7176, 0.6643, 0.5185, 0.6091, 0.6123, 0.5405, 0.5239, 0.541, 0.4135, 0.5241, 0.5061, 0.4568, 0.4418, 0.5912, 0.4227, 0.5727, 0.5712, 0.7566, 0.6164, 0.6209, 0.5378, 0.5207, 0.5109, 0.5553, 0.5672], [0.6403, 0.6831, 0.6123, 0.5684, 0.8303, 0.4778, 0.6183, 0.6254, 0.6757, 0.6734, 0.6479, 0.5264, 0.2462, 0.5288, 0.4052, 0.4308, 0.4451, 0.8478, 1.0, 0.7715, 0.6719, 0.6459, 0.8577, 0.7754, 0.7673, 0.7761, 0.5697, 0.6667, 0.665, 0.7272, 0.7343, 0.6965, 0.813, 0.7362, 0.8302, 0.601, 0.573, 0.703, 0.7807, 0.7141, 0.6409, 0.7177, 0.6933, 0.5566, 0.6735, 0.6162, 0.5888, 0.5577, 0.6659, 0.5249, 0.6394, 0.6107, 0.5539, 0.4764, 0.6497, 0.4569, 0.7129, 0.6406, 0.7182, 0.7125, 0.6157, 0.6089, 0.6376, 0.638, 0.5553, 0.5865], [0.6884, 0.6062, 0.5913, 0.5188, 0.7531, 0.4482, 0.6834, 0.7238, 0.7063, 0.7071, 0.6902, 0.5852, 0.2159, 0.5037, 0.3673, 0.4021, 0.5779, 0.8055, 0.7715, 1.0, 0.8278, 0.5698, 0.6997, 0.6954, 0.5832, 0.6711, 0.5036, 0.6252, 0.5159, 0.672, 0.6608, 0.6023, 0.6931, 0.6113, 0.7054, 0.4651, 0.5226, 0.5563, 0.732, 0.7749, 0.6839, 0.7506, 0.6741, 0.5731, 0.6501, 0.7046, 0.6156, 0.5925, 0.6342, 0.5422, 0.6352, 0.6131, 0.5485, 0.6456, 0.7095, 0.6364, 0.6696, 0.5532, 0.8447, 0.72, 0.666, 0.6225, 0.6618, 0.6738, 0.6061, 0.452], [0.6536, 0.535, 0.4658, 0.4508, 0.6616, 0.3975, 0.6187, 0.6166, 0.6282, 0.6179, 0.6598, 0.5811, 0.2157, 0.5081, 0.3516, 0.3722, 0.5598, 0.8207, 0.6719, 0.8278, 1.0, 0.4516, 0.6479, 0.6483, 0.5859, 0.5905, 0.5399, 0.5627, 0.496, 0.6432, 0.5692, 0.6351, 0.6058, 0.5783, 0.6701, 0.4065, 0.5515, 0.5117, 0.6527, 0.6814, 0.606, 0.668, 0.5659, 0.4909, 0.5578, 0.6374, 0.534, 0.5097, 0.5123, 0.4574, 0.5166, 0.5148, 0.4342, 0.5049, 0.5684, 0.4744, 0.5151, 0.5024, 0.7625, 0.5832, 0.6035, 0.4729, 0.4868, 0.4882, 0.5112, 0.4513], [0.506, 0.5143, 0.4366, 0.3788, 0.5457, 0.2655, 0.4051, 0.6109, 0.4325, 0.444, 0.4602, 0.2803, 0.1505, 0.303, 0.2742, 0.2785, 0.3511, 0.5368, 0.6459, 0.5698, 0.4516, 1.0, 0.6029, 0.4803, 0.4976, 0.5773, 0.3715, 0.4874, 0.4931, 0.4476, 0.4837, 0.4295, 0.5521, 0.5168, 0.4975, 0.4075, 0.4304, 0.5505, 0.5355, 0.5414, 0.4889, 0.549, 0.5397, 0.4047, 0.4916, 0.5343, 0.5029, 0.4294, 0.5845, 0.5177, 0.5791, 0.5213, 0.4357, 0.419, 0.4987, 0.3904, 0.6024, 0.455, 0.499, 0.5637, 0.4131, 0.4765, 0.5336, 0.5421, 0.3792, 0.4699], [0.6005, 0.6653, 0.5839, 0.5428, 0.7984, 0.4847, 0.6226, 0.5934, 0.5975, 0.566, 0.6266, 0.6055, 0.1886, 0.519, 0.419, 0.4159, 0.445, 0.7978, 0.8577, 0.6997, 0.6479, 0.6029, 1.0, 0.9006, 0.7798, 0.8887, 0.6603, 0.821, 0.8429, 0.886, 0.8338, 0.6896, 0.9419, 0.8877, 0.8996, 0.8273, 0.7142, 0.8832, 0.8209, 0.7138, 0.6368, 0.7039, 0.6563, 0.5487, 0.6321, 0.5948, 0.5281, 0.5357, 0.6004, 0.4015, 0.5482, 0.5514, 0.5309, 0.4162, 0.5779, 0.4115, 0.5861, 0.6083, 0.6921, 0.6626, 0.636, 0.5328, 0.5499, 0.5245, 0.5663, 0.6854], [0.6128, 0.6656, 0.6025, 0.5849, 0.8289, 0.5587, 0.6835, 0.6136, 0.6447, 0.6094, 0.7092, 0.7284, 0.2645, 0.6206, 0.5409, 0.5465, 0.4954, 0.7534, 0.7754, 0.6954, 0.6483, 0.4803, 0.9006, 1.0, 0.8137, 0.9158, 0.6493, 0.822, 0.8048, 0.932, 0.8035, 0.6936, 0.9161, 0.843, 0.8767, 0.794, 0.7372, 0.8267, 0.8257, 0.6994, 0.6218, 0.6763, 0.6154, 0.5549, 0.5481, 0.5476, 0.4838, 0.498, 0.4802, 0.3309, 0.456, 0.5033, 0.4525, 0.3713, 0.5494, 0.3725, 0.5721, 0.531, 0.6637, 0.5868, 0.5676, 0.4714, 0.5248, 0.5295, 0.5049, 0.582], [0.514, 0.5384, 0.4943, 0.4511, 0.6608, 0.3888, 0.5484, 0.5237, 0.5669, 0.5523, 0.5277, 0.5597, 0.1805, 0.4608, 0.349, 0.4037, 0.4101, 0.7671, 0.7673, 0.5832, 0.5859, 0.4976, 0.7798, 0.8137, 1.0, 0.7453, 0.4642, 0.7289, 0.7263, 0.7719, 0.7049, 0.6449, 0.7952, 0.7544, 0.768, 0.6639, 0.5401, 0.647, 0.6772, 0.5553, 0.5016, 0.5566, 0.4886, 0.3953, 0.4274, 0.3877, 0.3766, 0.3725, 0.3649, 0.254, 0.3312, 0.3834, 0.3024, 0.2437, 0.399, 0.2338, 0.471, 0.4259, 0.5411, 0.4602, 0.4044, 0.3403, 0.3848, 0.3991, 0.3526, 0.4449], [0.6238, 0.7608, 0.719, 0.6493, 0.8571, 0.5498, 0.6344, 0.609, 0.5919, 0.5548, 0.6839, 0.6371, 0.2463, 0.567, 0.5106, 0.5153, 0.4234, 0.7205, 0.7761, 0.6711, 0.5905, 0.5773, 0.8887, 0.9158, 0.7453, 1.0, 0.6247, 0.7816, 0.7862, 0.8837, 0.8204, 0.6664, 0.9022, 0.8299, 0.8588, 0.78, 0.7332, 0.8642, 0.8361, 0.722, 0.659, 0.7048, 0.6576, 0.5646, 0.6004, 0.5961, 0.5028, 0.5408, 0.5638, 0.3698, 0.535, 0.5168, 0.4738, 0.4079, 0.5679, 0.4065, 0.602, 0.6002, 0.6618, 0.6196, 0.596, 0.5236, 0.5545, 0.5395, 0.5444, 0.6787], [0.494, 0.4743, 0.3543, 0.3403, 0.5405, 0.3074, 0.493, 0.4008, 0.5118, 0.4798, 0.5613, 0.5563, 0.145, 0.4741, 0.4032, 0.3288, 0.6269, 0.601, 0.5697, 0.5036, 0.5399, 0.3715, 0.6603, 0.6493, 0.4642, 0.6247, 1.0, 0.4734, 0.4811, 0.5817, 0.5989, 0.5549, 0.6244, 0.6457, 0.6667, 0.4804, 0.5045, 0.6611, 0.5203, 0.5617, 0.5251, 0.5627, 0.4868, 0.5214, 0.402, 0.4365, 0.3848, 0.3506, 0.3981, 0.2905, 0.3856, 0.3584, 0.378, 0.2824, 0.4857, 0.2526, 0.4025, 0.4374, 0.4756, 0.4805, 0.4573, 0.3268, 0.3422, 0.3372, 0.4392, 0.7072], [0.5409, 0.5358, 0.514, 0.4737, 0.6777, 0.4387, 0.6362, 0.5383, 0.5584, 0.5158, 0.6336, 0.6779, 0.1885, 0.5671, 0.3847, 0.3812, 0.335, 0.662, 0.6667, 0.6252, 0.5627, 0.4874, 0.821, 0.822, 0.7289, 0.7816, 0.4734, 1.0, 0.7121, 0.8413, 0.6846, 0.5896, 0.8413, 0.7241, 0.754, 0.7154, 0.5866, 0.7067, 0.7578, 0.5741, 0.4861, 0.5483, 0.4905, 0.3936, 0.4983, 0.4629, 0.3801, 0.4304, 0.4055, 0.2341, 0.3655, 0.382, 0.3568, 0.3239, 0.4459, 0.3361, 0.4351, 0.4627, 0.607, 0.4788, 0.5379, 0.4248, 0.4481, 0.4134, 0.4713, 0.4595], [0.4655, 0.543, 0.5134, 0.486, 0.6639, 0.4362, 0.5028, 0.468, 0.4594, 0.4044, 0.4473, 0.4615, 0.1826, 0.4003, 0.3732, 0.405, 0.3473, 0.612, 0.665, 0.5159, 0.496, 0.4931, 0.8429, 0.8048, 0.7263, 0.7862, 0.4811, 0.7121, 1.0, 0.8322, 0.7404, 0.5525, 0.8449, 0.815, 0.7731, 0.827, 0.69, 0.8008, 0.7075, 0.5372, 0.4627, 0.5255, 0.4401, 0.3738, 0.4202, 0.4305, 0.3726, 0.3569, 0.4206, 0.2592, 0.3719, 0.4417, 0.402, 0.2725, 0.3809, 0.2872, 0.4203, 0.4084, 0.5221, 0.4906, 0.4794, 0.3309, 0.3931, 0.381, 0.4334, 0.5715], [0.6331, 0.6527, 0.5907, 0.5983, 0.7952, 0.5784, 0.7154, 0.6003, 0.656, 0.614, 0.6922, 0.7227, 0.2676, 0.5822, 0.4613, 0.4845, 0.4426, 0.7467, 0.7272, 0.672, 0.6432, 0.4476, 0.886, 0.932, 0.7719, 0.8837, 0.5817, 0.8413, 0.8322, 1.0, 0.821, 0.6879, 0.905, 0.8588, 0.8666, 0.7957, 0.7296, 0.819, 0.8246, 0.6793, 0.6072, 0.66, 0.5815, 0.5041, 0.5198, 0.524, 0.4368, 0.4785, 0.4369, 0.2755, 0.4054, 0.4569, 0.4182, 0.3372, 0.478, 0.3503, 0.4957, 0.5168, 0.6623, 0.5405, 0.5632, 0.4319, 0.4701, 0.468, 0.5104, 0.5667], [0.6465, 0.5957, 0.5424, 0.5667, 0.7614, 0.5932, 0.6987, 0.6031, 0.6437, 0.6261, 0.584, 0.5669, 0.2836, 0.4607, 0.3923, 0.4258, 0.4571, 0.6901, 0.7343, 0.6608, 0.5692, 0.4837, 0.8338, 0.8035, 0.7049, 0.8204, 0.5989, 0.6846, 0.7404, 0.821, 1.0, 0.6021, 0.8589, 0.8055, 0.8218, 0.7383, 0.5754, 0.7732, 0.7158, 0.6446, 0.5771, 0.6351, 0.5585, 0.4844, 0.5186, 0.5083, 0.4399, 0.4471, 0.4721, 0.3262, 0.4208, 0.453, 0.4046, 0.3345, 0.4858, 0.3349, 0.5336, 0.4638, 0.6074, 0.5409, 0.5008, 0.4119, 0.4539, 0.4875, 0.4698, 0.5601], [0.6438, 0.5895, 0.5001, 0.5019, 0.6685, 0.4393, 0.6063, 0.5669, 0.6317, 0.5831, 0.5946, 0.5456, 0.1559, 0.4163, 0.3554, 0.3571, 0.43, 0.7574, 0.6965, 0.6023, 0.6351, 0.4295, 0.6896, 0.6936, 0.6449, 0.6664, 0.5549, 0.5896, 0.5525, 0.6879, 0.6021, 1.0, 0.6462, 0.6413, 0.7076, 0.4985, 0.5689, 0.6079, 0.6668, 0.6984, 0.6919, 0.7023, 0.6263, 0.5984, 0.5415, 0.5228, 0.4843, 0.4726, 0.4498, 0.3516, 0.4298, 0.4645, 0.3974, 0.3442, 0.4964, 0.3427, 0.513, 0.5394, 0.6367, 0.5499, 0.5287, 0.4331, 0.4411, 0.4386, 0.4945, 0.5125], [0.5883, 0.6489, 0.6146, 0.5749, 0.8069, 0.5328, 0.6619, 0.6069, 0.6445, 0.6044, 0.6584, 0.6483, 0.2375, 0.5646, 0.4672, 0.4831, 0.4642, 0.7485, 0.813, 0.6931, 0.6058, 0.5521, 0.9419, 0.9161, 0.7952, 0.9022, 0.6244, 0.8413, 0.8449, 0.905, 0.8589, 0.6462, 1.0, 0.8592, 0.8874, 0.8389, 0.6884, 0.8623, 0.8261, 0.6943, 0.6114, 0.6756, 0.613, 0.5341, 0.5792, 0.5543, 0.4688, 0.5027, 0.527, 0.3424, 0.4797, 0.4919, 0.4552, 0.3848, 0.543, 0.3856, 0.5576, 0.5401, 0.6662, 0.6081, 0.5781, 0.4743, 0.5202, 0.5273, 0.5198, 0.6115], [0.5334, 0.5777, 0.4901, 0.4842, 0.6982, 0.5038, 0.6123, 0.5044, 0.5519, 0.5481, 0.5642, 0.5852, 0.219, 0.4801, 0.3838, 0.3911, 0.4428, 0.7367, 0.7362, 0.6113, 0.5783, 0.5168, 0.8877, 0.843, 0.7544, 0.8299, 0.6457, 0.7241, 0.815, 0.8588, 0.8055, 0.6413, 0.8592, 1.0, 0.8768, 0.8014, 0.6045, 0.77, 0.6681, 0.5774, 0.5216, 0.5631, 0.4972, 0.4194, 0.4268, 0.4269, 0.3644, 0.3501, 0.4121, 0.2518, 0.3693, 0.4086, 0.3898, 0.2761, 0.439, 0.2807, 0.4425, 0.419, 0.5463, 0.4865, 0.4989, 0.3731, 0.4053, 0.4058, 0.4667, 0.6426], [0.5914, 0.6461, 0.5648, 0.5426, 0.7837, 0.5175, 0.6638, 0.5344, 0.6322, 0.6048, 0.6314, 0.6079, 0.2144, 0.5159, 0.3986, 0.4119, 0.438, 0.8225, 0.8302, 0.7054, 0.6701, 0.4975, 0.8996, 0.8767, 0.768, 0.8588, 0.6667, 0.754, 0.7731, 0.8666, 0.8218, 0.7076, 0.8874, 0.8768, 1.0, 0.7574, 0.6321, 0.7775, 0.7669, 0.6607, 0.5958, 0.6435, 0.5772, 0.4944, 0.5477, 0.5394, 0.4643, 0.458, 0.4963, 0.3295, 0.4633, 0.4891, 0.4613, 0.3807, 0.5427, 0.3726, 0.5232, 0.5173, 0.6701, 0.5774, 0.6057, 0.4517, 0.4773, 0.4694, 0.5483, 0.6586], [0.3441, 0.4227, 0.4022, 0.3376, 0.5765, 0.3729, 0.4128, 0.3809, 0.3496, 0.3173, 0.3965, 0.4359, 0.1172, 0.3578, 0.324, 0.3374, 0.3055, 0.5381, 0.601, 0.4651, 0.4065, 0.4075, 0.8273, 0.794, 0.6639, 0.78, 0.4804, 0.7154, 0.827, 0.7957, 0.7383, 0.4985, 0.8389, 0.8014, 0.7574, 1.0, 0.5909, 0.7771, 0.6268, 0.4407, 0.3578, 0.4221, 0.3431, 0.2997, 0.363, 0.3198, 0.267, 0.2813, 0.3132, 0.1682, 0.2653, 0.3323, 0.341, 0.2175, 0.3223, 0.2228, 0.3296, 0.3143, 0.4513, 0.4014, 0.4488, 0.2663, 0.3207, 0.3023, 0.3944, 0.5538], [0.5169, 0.6212, 0.5363, 0.5449, 0.6734, 0.4367, 0.4973, 0.5214, 0.4721, 0.4203, 0.6026, 0.5685, 0.3015, 0.5729, 0.5879, 0.5396, 0.389, 0.5578, 0.573, 0.5226, 0.5515, 0.4304, 0.7142, 0.7372, 0.5401, 0.7332, 0.5045, 0.5866, 0.69, 0.7296, 0.5754, 0.5689, 0.6884, 0.6045, 0.6321, 0.5909, 1.0, 0.7817, 0.7585, 0.6249, 0.571, 0.6278, 0.5546, 0.5222, 0.4955, 0.5292, 0.4826, 0.4646, 0.4848, 0.3776, 0.4719, 0.482, 0.4348, 0.3843, 0.4721, 0.368, 0.5009, 0.5667, 0.5758, 0.5411, 0.4894, 0.3937, 0.4556, 0.4458, 0.4208, 0.5163], [0.5608, 0.6682, 0.5766, 0.575, 0.7244, 0.4683, 0.5745, 0.5603, 0.5518, 0.4902, 0.5973, 0.5612, 0.2435, 0.5086, 0.4843, 0.4654, 0.395, 0.6396, 0.703, 0.5563, 0.5117, 0.5505, 0.8832, 0.8267, 0.647, 0.8642, 0.6611, 0.7067, 0.8008, 0.819, 0.7732, 0.6079, 0.8623, 0.77, 0.7775, 0.7771, 0.7817, 1.0, 0.7829, 0.6864, 0.6287, 0.6885, 0.6316, 0.5619, 0.5702, 0.5675, 0.4907, 0.5115, 0.5667, 0.3798, 0.5138, 0.5124, 0.4895, 0.3805, 0.5294, 0.3717, 0.5324, 0.6145, 0.5948, 0.615, 0.5662, 0.4667, 0.4917, 0.4742, 0.5127, 0.7297], [0.6787, 0.7638, 0.7594, 0.7055, 0.8766, 0.5258, 0.6584, 0.6634, 0.662, 0.5993, 0.6952, 0.6121, 0.2496, 0.5864, 0.4993, 0.5022, 0.4214, 0.7356, 0.7807, 0.732, 0.6527, 0.5355, 0.8209, 0.8257, 0.6772, 0.8361, 0.5203, 0.7578, 0.7075, 0.8246, 0.7158, 0.6668, 0.8261, 0.6681, 0.7669, 0.6268, 0.7585, 0.7829, 1.0, 0.7868, 0.696, 0.7637, 0.7082, 0.6013, 0.7108, 0.6999, 0.6184, 0.6538, 0.6476, 0.4851, 0.6345, 0.6051, 0.5663, 0.558, 0.6403, 0.542, 0.6709, 0.7182, 0.7816, 0.7293, 0.665, 0.6075, 0.6453, 0.6285, 0.6277, 0.5713], [0.6924, 0.7111, 0.6892, 0.6215, 0.7874, 0.4533, 0.6482, 0.7102, 0.6856, 0.6404, 0.6747, 0.587, 0.1464, 0.4559, 0.3875, 0.3993, 0.4985, 0.7212, 0.7141, 0.7749, 0.6814, 0.5414, 0.7138, 0.6994, 0.5553, 0.722, 0.5617, 0.5741, 0.5372, 0.6793, 0.6446, 0.6984, 0.6943, 0.5774, 0.6607, 0.4407, 0.6249, 0.6864, 0.7868, 1.0, 0.9709, 0.9854, 0.9343, 0.8355, 0.7596, 0.7945, 0.6994, 0.7427, 0.6981, 0.612, 0.7172, 0.686, 0.6428, 0.6376, 0.7534, 0.6261, 0.7127, 0.7574, 0.8248, 0.8074, 0.7066, 0.6991, 0.6903, 0.6748, 0.6713, 0.6092], [0.6585, 0.6818, 0.6417, 0.598, 0.7149, 0.4274, 0.6103, 0.6594, 0.6519, 0.6049, 0.6223, 0.5441, 0.1296, 0.397, 0.3488, 0.3623, 0.4565, 0.6663, 0.6409, 0.6839, 0.606, 0.4889, 0.6368, 0.6218, 0.5016, 0.659, 0.5251, 0.4861, 0.4627, 0.6072, 0.5771, 0.6919, 0.6114, 0.5216, 0.5958, 0.3578, 0.571, 0.6287, 0.696, 0.9709, 1.0, 0.9753, 0.9381, 0.8495, 0.6781, 0.7296, 0.6357, 0.6754, 0.6251, 0.5464, 0.6473, 0.618, 0.5788, 0.5595, 0.6889, 0.5467, 0.6453, 0.7129, 0.7364, 0.7241, 0.6195, 0.632, 0.6106, 0.6042, 0.5954, 0.5663], [0.708, 0.7037, 0.6645, 0.6194, 0.7706, 0.4519, 0.6465, 0.7254, 0.6898, 0.6402, 0.6652, 0.5761, 0.1636, 0.4495, 0.3903, 0.4044, 0.5045, 0.7176, 0.7177, 0.7506, 0.668, 0.549, 0.7039, 0.6763, 0.5566, 0.7048, 0.5627, 0.5483, 0.5255, 0.66, 0.6351, 0.7023, 0.6756, 0.5631, 0.6435, 0.4221, 0.6278, 0.6885, 0.7637, 0.9854, 0.9753, 1.0, 0.9379, 0.855, 0.746, 0.7735, 0.6947, 0.7255, 0.6865, 0.6098, 0.7057, 0.6739, 0.627, 0.6169, 0.7355, 0.5979, 0.7119, 0.7577, 0.7981, 0.7932, 0.6729, 0.6712, 0.6664, 0.6648, 0.6397, 0.601], [0.6417, 0.6878, 0.6542, 0.5994, 0.7306, 0.4127, 0.5638, 0.6518, 0.6247, 0.5889, 0.6212, 0.5103, 0.1327, 0.3949, 0.33, 0.3337, 0.3954, 0.6643, 0.6933, 0.6741, 0.5659, 0.5397, 0.6563, 0.6154, 0.4886, 0.6576, 0.4868, 0.4905, 0.4401, 0.5815, 0.5585, 0.6263, 0.613, 0.4972, 0.5772, 0.3431, 0.5546, 0.6316, 0.7082, 0.9343, 0.9381, 0.9379, 1.0, 0.8044, 0.7366, 0.7507, 0.6682, 0.7191, 0.6949, 0.6032, 0.7158, 0.6446, 0.6082, 0.5661, 0.7139, 0.5579, 0.7016, 0.7743, 0.729, 0.757, 0.6372, 0.7694, 0.7011, 0.6635, 0.5872, 0.5587], [0.5624, 0.5899, 0.5213, 0.5142, 0.634, 0.4004, 0.5418, 0.5833, 0.5874, 0.5002, 0.5323, 0.4461, 0.144, 0.3761, 0.4367, 0.4284, 0.4653, 0.5185, 0.5566, 0.5731, 0.4909, 0.4047, 0.5487, 0.5549, 0.3953, 0.5646, 0.5214, 0.3936, 0.3738, 0.5041, 0.4844, 0.5984, 0.5341, 0.4194, 0.4944, 0.2997, 0.5222, 0.5619, 0.6013, 0.8355, 0.8495, 0.855, 0.8044, 1.0, 0.6964, 0.7467, 0.7368, 0.7426, 0.6582, 0.666, 0.6912, 0.7161, 0.6485, 0.6251, 0.7737, 0.6119, 0.7184, 0.6803, 0.6527, 0.7447, 0.5946, 0.5585, 0.6048, 0.6958, 0.6001, 0.495], [0.5496, 0.6149, 0.6728, 0.5343, 0.7126, 0.3402, 0.477, 0.5562, 0.4934, 0.4374, 0.4655, 0.3294, 0.0401, 0.3062, 0.2761, 0.261, 0.3077, 0.6091, 0.6735, 0.6501, 0.5578, 0.4916, 0.6321, 0.5481, 0.4274, 0.6004, 0.402, 0.4983, 0.4202, 0.5198, 0.5186, 0.5415, 0.5792, 0.4268, 0.5477, 0.363, 0.4955, 0.5702, 0.7108, 0.7596, 0.6781, 0.746, 0.7366, 0.6964, 1.0, 0.8731, 0.8166, 0.9228, 0.8786, 0.7516, 0.8489, 0.7838, 0.7589, 0.7435, 0.8056, 0.7409, 0.7586, 0.8357, 0.8428, 0.8837, 0.7797, 0.7958, 0.764, 0.7037, 0.7547, 0.5462], [0.5678, 0.6346, 0.6429, 0.5458, 0.6976, 0.3578, 0.5202, 0.6194, 0.5408, 0.4765, 0.5252, 0.3636, 0.0989, 0.3436, 0.3262, 0.3208, 0.3563, 0.6123, 0.6162, 0.7046, 0.6374, 0.5343, 0.5948, 0.5476, 0.3877, 0.5961, 0.4365, 0.4629, 0.4305, 0.524, 0.5083, 0.5228, 0.5543, 0.4269, 0.5394, 0.3198, 0.5292, 0.5675, 0.6999, 0.7945, 0.7296, 0.7735, 0.7507, 0.7467, 0.8731, 1.0, 0.8809, 0.8791, 0.8728, 0.809, 0.8857, 0.8492, 0.7761, 0.8281, 0.857, 0.7864, 0.7824, 0.7489, 0.833, 0.8639, 0.7594, 0.7291, 0.7631, 0.7636, 0.7455, 0.5486], [0.4931, 0.5426, 0.505, 0.452, 0.6037, 0.3195, 0.4672, 0.5518, 0.5037, 0.445, 0.4526, 0.3114, 0.0732, 0.3132, 0.3259, 0.3173, 0.3573, 0.5405, 0.5888, 0.6156, 0.534, 0.5029, 0.5281, 0.4838, 0.3766, 0.5028, 0.3848, 0.3801, 0.3726, 0.4368, 0.4399, 0.4843, 0.4688, 0.3644, 0.4643, 0.267, 0.4826, 0.4907, 0.6184, 0.6994, 0.6357, 0.6947, 0.6682, 0.7368, 0.8166, 0.8809, 1.0, 0.8288, 0.8157, 0.9069, 0.843, 0.8988, 0.812, 0.7558, 0.8463, 0.7226, 0.8131, 0.6998, 0.7381, 0.847, 0.6865, 0.6791, 0.7581, 0.8058, 0.702, 0.4507], [0.5394, 0.5814, 0.635, 0.5089, 0.6672, 0.3348, 0.4671, 0.5503, 0.471, 0.3935, 0.4409, 0.3233, 0.03, 0.2808, 0.285, 0.2801, 0.294, 0.5239, 0.5577, 0.5925, 0.5097, 0.4294, 0.5357, 0.498, 0.3725, 0.5408, 0.3506, 0.4304, 0.3569, 0.4785, 0.4471, 0.4726, 0.5027, 0.3501, 0.458, 0.2813, 0.4646, 0.5115, 0.6538, 0.7427, 0.6754, 0.7255, 0.7191, 0.7426, 0.9228, 0.8791, 0.8288, 1.0, 0.834, 0.7723, 0.8285, 0.7872, 0.7366, 0.7463, 0.7927, 0.7399, 0.7516, 0.7842, 0.7908, 0.8302, 0.7232, 0.7539, 0.7689, 0.7174, 0.7015, 0.4606], [0.509, 0.6136, 0.6257, 0.4967, 0.673, 0.3096, 0.4174, 0.536, 0.4535, 0.3931, 0.4383, 0.2467, 0.0671, 0.3049, 0.2813, 0.262, 0.2728, 0.541, 0.6659, 0.6342, 0.5123, 0.5845, 0.6004, 0.4802, 0.3649, 0.5638, 0.3981, 0.4055, 0.4206, 0.4369, 0.4721, 0.4498, 0.527, 0.4121, 0.4963, 0.3132, 0.4848, 0.5667, 0.6476, 0.6981, 0.6251, 0.6865, 0.6949, 0.6582, 0.8786, 0.8728, 0.8157, 0.834, 1.0, 0.8055, 0.9514, 0.8397, 0.7979, 0.782, 0.8192, 0.7678, 0.7869, 0.788, 0.7599, 0.9047, 0.7554, 0.7961, 0.7923, 0.7412, 0.7317, 0.5659], [0.3937, 0.4432, 0.4338, 0.3421, 0.4965, 0.2118, 0.3295, 0.4847, 0.3915, 0.3493, 0.3533, 0.1771, 0.0433, 0.2348, 0.2545, 0.2482, 0.2938, 0.4135, 0.5249, 0.5422, 0.4574, 0.5177, 0.4015, 0.3309, 0.254, 0.3698, 0.2905, 0.2341, 0.2592, 0.2755, 0.3262, 0.3516, 0.3424, 0.2518, 0.3295, 0.1682, 0.3776, 0.3798, 0.4851, 0.612, 0.5464, 0.6098, 0.6032, 0.666, 0.7516, 0.809, 0.9069, 0.7723, 0.8055, 1.0, 0.8561, 0.878, 0.7935, 0.7445, 0.8203, 0.697, 0.8078, 0.6441, 0.6533, 0.8058, 0.628, 0.6479, 0.7484, 0.7847, 0.6353, 0.3798], [0.4926, 0.6162, 0.6391, 0.4887, 0.6666, 0.3014, 0.3951, 0.5456, 0.4441, 0.3956, 0.4509, 0.2536, 0.0821, 0.319, 0.3089, 0.2922, 0.292, 0.5241, 0.6394, 0.6352, 0.5166, 0.5791, 0.5482, 0.456, 0.3312, 0.535, 0.3856, 0.3655, 0.3719, 0.4054, 0.4208, 0.4298, 0.4797, 0.3693, 0.4633, 0.2653, 0.4719, 0.5138, 0.6345, 0.7172, 0.6473, 0.7057, 0.7158, 0.6912, 0.8489, 0.8857, 0.843, 0.8285, 0.9514, 0.8561, 1.0, 0.8674, 0.8081, 0.8095, 0.8432, 0.7809, 0.8258, 0.7739, 0.75, 0.892, 0.727, 0.7938, 0.8263, 0.787, 0.7145, 0.5417], [0.4576, 0.5357, 0.517, 0.4369, 0.627, 0.3297, 0.4349, 0.5263, 0.453, 0.3865, 0.4081, 0.275, 0.0632, 0.2895, 0.3019, 0.3056, 0.3153, 0.5061, 0.6107, 0.6131, 0.5148, 0.5213, 0.5514, 0.5033, 0.3834, 0.5168, 0.3584, 0.382, 0.4417, 0.4569, 0.453, 0.4645, 0.4919, 0.4086, 0.4891, 0.3323, 0.482, 0.5124, 0.6051, 0.686, 0.618, 0.6739, 0.6446, 0.7161, 0.7838, 0.8492, 0.8988, 0.7872, 0.8397, 0.878, 0.8674, 1.0, 0.906, 0.782, 0.8553, 0.7708, 0.793, 0.696, 0.7248, 0.87, 0.7554, 0.7001, 0.8034, 0.8238, 0.7443, 0.4927], [0.3565, 0.4869, 0.4798, 0.3687, 0.5674, 0.2341, 0.3382, 0.3971, 0.336, 0.2653, 0.3005, 0.1927, -0.0667, 0.1851, 0.1815, 0.1637, 0.2355, 0.4568, 0.5539, 0.5485, 0.4342, 0.4357, 0.5309, 0.4525, 0.3024, 0.4738, 0.378, 0.3568, 0.402, 0.4182, 0.4046, 0.3974, 0.4552, 0.3898, 0.4613, 0.341, 0.4348, 0.4895, 0.5663, 0.6428, 0.5788, 0.627, 0.6082, 0.6485, 0.7589, 0.7761, 0.812, 0.7366, 0.7979, 0.7935, 0.8081, 0.906, 1.0, 0.7463, 0.8338, 0.7515, 0.7012, 0.6894, 0.6915, 0.8359, 0.7981, 0.6743, 0.7594, 0.7193, 0.7793, 0.5562], [0.4336, 0.4744, 0.5252, 0.4032, 0.5541, 0.222, 0.3536, 0.5278, 0.3839, 0.3248, 0.3793, 0.2414, 0.0581, 0.2427, 0.2548, 0.2596, 0.2661, 0.4418, 0.4764, 0.6456, 0.5049, 0.419, 0.4162, 0.3713, 0.2437, 0.4079, 0.2824, 0.3239, 0.2725, 0.3372, 0.3345, 0.3442, 0.3848, 0.2761, 0.3807, 0.2175, 0.3843, 0.3805, 0.558, 0.6376, 0.5595, 0.6169, 0.5661, 0.6251, 0.7435, 0.8281, 0.7558, 0.7463, 0.782, 0.7445, 0.8095, 0.782, 0.7463, 1.0, 0.8481, 0.9248, 0.6931, 0.6615, 0.7209, 0.8043, 0.7291, 0.6304, 0.6947, 0.7125, 0.7184, 0.4241], [0.496, 0.5777, 0.5582, 0.4767, 0.6574, 0.3253, 0.4682, 0.5415, 0.5201, 0.4643, 0.4996, 0.3549, 0.1168, 0.3603, 0.3692, 0.3484, 0.3556, 0.5912, 0.6497, 0.7095, 0.5684, 0.4987, 0.5779, 0.5494, 0.399, 0.5679, 0.4857, 0.4459, 0.3809, 0.478, 0.4858, 0.4964, 0.543, 0.439, 0.5427, 0.3223, 0.4721, 0.5294, 0.6403, 0.7534, 0.6889, 0.7355, 0.7139, 0.7737, 0.8056, 0.857, 0.8463, 0.7927, 0.8192, 0.8203, 0.8432, 0.8553, 0.8338, 0.8481, 1.0, 0.8308, 0.8041, 0.7369, 0.7658, 0.8716, 0.8054, 0.7, 0.7635, 0.7793, 0.7834, 0.5365], [0.403, 0.4478, 0.5157, 0.3854, 0.5355, 0.2336, 0.3487, 0.4593, 0.3662, 0.3106, 0.35, 0.2335, 0.0507, 0.2327, 0.2538, 0.2575, 0.2493, 0.4227, 0.4569, 0.6364, 0.4744, 0.3904, 0.4115, 0.3725, 0.2338, 0.4065, 0.2526, 0.3361, 0.2872, 0.3503, 0.3349, 0.3427, 0.3856, 0.2807, 0.3726, 0.2228, 0.368, 0.3717, 0.542, 0.6261, 0.5467, 0.5979, 0.5579, 0.6119, 0.7409, 0.7864, 0.7226, 0.7399, 0.7678, 0.697, 0.7809, 0.7708, 0.7515, 0.9248, 0.8308, 1.0, 0.6437, 0.6256, 0.7227, 0.8005, 0.7474, 0.6538, 0.6859, 0.694, 0.7347, 0.3796], [0.6015, 0.6315, 0.6195, 0.5383, 0.7275, 0.3889, 0.5188, 0.6658, 0.5747, 0.553, 0.5554, 0.3813, 0.2051, 0.3928, 0.4289, 0.4306, 0.3936, 0.5727, 0.7129, 0.6696, 0.5151, 0.6024, 0.5861, 0.5721, 0.471, 0.602, 0.4025, 0.4351, 0.4203, 0.4957, 0.5336, 0.513, 0.5576, 0.4425, 0.5232, 0.3296, 0.5009, 0.5324, 0.6709, 0.7127, 0.6453, 0.7119, 0.7016, 0.7184, 0.7586, 0.7824, 0.8131, 0.7516, 0.7869, 0.8078, 0.8258, 0.793, 0.7012, 0.6931, 0.8041, 0.6437, 1.0, 0.6664, 0.6946, 0.7779, 0.5826, 0.6717, 0.827, 0.8629, 0.587, 0.4298], [0.5599, 0.7344, 0.7258, 0.6669, 0.7208, 0.3864, 0.4498, 0.5102, 0.4893, 0.4147, 0.51, 0.3681, 0.1302, 0.3866, 0.3441, 0.3136, 0.2616, 0.5712, 0.6406, 0.5532, 0.5024, 0.455, 0.6083, 0.531, 0.4259, 0.6002, 0.4374, 0.4627, 0.4084, 0.5168, 0.4638, 0.5394, 0.5401, 0.419, 0.5173, 0.3143, 0.5667, 0.6145, 0.7182, 0.7574, 0.7129, 0.7577, 0.7743, 0.6803, 0.8357, 0.7489, 0.6998, 0.7842, 0.788, 0.6441, 0.7739, 0.696, 0.6894, 0.6615, 0.7369, 0.6256, 0.6664, 1.0, 0.7097, 0.8282, 0.7399, 0.7252, 0.679, 0.595, 0.6797, 0.617], [0.6423, 0.6207, 0.647, 0.5334, 0.7507, 0.4211, 0.6355, 0.6489, 0.6306, 0.5763, 0.5951, 0.5012, 0.1095, 0.4222, 0.3138, 0.34, 0.4317, 0.7566, 0.7182, 0.8447, 0.7625, 0.499, 0.6921, 0.6637, 0.5411, 0.6618, 0.4756, 0.607, 0.5221, 0.6623, 0.6074, 0.6367, 0.6662, 0.5463, 0.6701, 0.4513, 0.5758, 0.5948, 0.7816, 0.8248, 0.7364, 0.7981, 0.729, 0.6527, 0.8428, 0.833, 0.7381, 0.7908, 0.7599, 0.6533, 0.75, 0.7248, 0.6915, 0.7209, 0.7658, 0.7227, 0.6946, 0.7097, 1.0, 0.835, 0.789, 0.7341, 0.7104, 0.6805, 0.7602, 0.5432], [0.5561, 0.646, 0.6503, 0.5389, 0.7273, 0.3661, 0.5072, 0.5999, 0.5502, 0.4817, 0.503, 0.3615, 0.0758, 0.3588, 0.3335, 0.3194, 0.4111, 0.6164, 0.7125, 0.72, 0.5832, 0.5637, 0.6626, 0.5868, 0.4602, 0.6196, 0.4805, 0.4788, 0.4906, 0.5405, 0.5409, 0.5499, 0.6081, 0.4865, 0.5774, 0.4014, 0.5411, 0.615, 0.7293, 0.8074, 0.7241, 0.7932, 0.757, 0.7447, 0.8837, 0.8639, 0.847, 0.8302, 0.9047, 0.8058, 0.892, 0.87, 0.8359, 0.8043, 0.8716, 0.8005, 0.7779, 0.8282, 0.835, 1.0, 0.8065, 0.7782, 0.7798, 0.7569, 0.7932, 0.6083], [0.4278, 0.5102, 0.5362, 0.4082, 0.6273, 0.2665, 0.408, 0.4227, 0.3967, 0.3263, 0.4038, 0.3241, -0.0402, 0.2546, 0.1947, 0.1886, 0.2314, 0.6209, 0.6157, 0.666, 0.6035, 0.4131, 0.636, 0.5676, 0.4044, 0.596, 0.4573, 0.5379, 0.4794, 0.5632, 0.5008, 0.5287, 0.5781, 0.4989, 0.6057, 0.4488, 0.4894, 0.5662, 0.665, 0.7066, 0.6195, 0.6729, 0.6372, 0.5946, 0.7797, 0.7594, 0.6865, 0.7232, 0.7554, 0.628, 0.727, 0.7554, 0.7981, 0.7291, 0.8054, 0.7474, 0.5826, 0.7399, 0.789, 0.8065, 1.0, 0.6932, 0.6664, 0.5946, 0.8838, 0.6403], [0.4771, 0.5377, 0.6026, 0.4495, 0.639, 0.3039, 0.4079, 0.4714, 0.436, 0.4028, 0.4434, 0.3133, 0.0275, 0.2786, 0.2021, 0.1926, 0.2137, 0.5378, 0.6089, 0.6225, 0.4729, 0.4765, 0.5328, 0.4714, 0.3403, 0.5236, 0.3268, 0.4248, 0.3309, 0.4319, 0.4119, 0.4331, 0.4743, 0.3731, 0.4517, 0.2663, 0.3937, 0.4667, 0.6075, 0.6991, 0.632, 0.6712, 0.7694, 0.5585, 0.7958, 0.7291, 0.6791, 0.7539, 0.7961, 0.6479, 0.7938, 0.7001, 0.6743, 0.6304, 0.7, 0.6538, 0.6717, 0.7252, 0.7341, 0.7782, 0.6932, 1.0, 0.8368, 0.7009, 0.6626, 0.5126], [0.5418, 0.5758, 0.6064, 0.4762, 0.6921, 0.3501, 0.4491, 0.5904, 0.4737, 0.4542, 0.4903, 0.3329, 0.0974, 0.3288, 0.3148, 0.3022, 0.337, 0.5207, 0.6376, 0.6618, 0.4868, 0.5336, 0.5499, 0.5248, 0.3848, 0.5545, 0.3422, 0.4481, 0.3931, 0.4701, 0.4539, 0.4411, 0.5202, 0.4053, 0.4773, 0.3207, 0.4556, 0.4917, 0.6453, 0.6903, 0.6106, 0.6664, 0.7011, 0.6048, 0.764, 0.7631, 0.7581, 0.7689, 0.7923, 0.7484, 0.8263, 0.8034, 0.7594, 0.6947, 0.7635, 0.6859, 0.827, 0.679, 0.7104, 0.7798, 0.6664, 0.8368, 1.0, 0.8569, 0.6373, 0.4682], [0.5422, 0.5549, 0.5414, 0.4683, 0.6816, 0.3827, 0.4872, 0.6365, 0.5313, 0.5015, 0.5059, 0.3724, 0.18, 0.3647, 0.3946, 0.4173, 0.3804, 0.5109, 0.638, 0.6738, 0.4882, 0.5421, 0.5245, 0.5295, 0.3991, 0.5395, 0.3372, 0.4134, 0.381, 0.468, 0.4875, 0.4386, 0.5273, 0.4058, 0.4694, 0.3023, 0.4458, 0.4742, 0.6285, 0.6748, 0.6042, 0.6648, 0.6635, 0.6958, 0.7037, 0.7636, 0.8058, 0.7174, 0.7412, 0.7847, 0.787, 0.8238, 0.7193, 0.7125, 0.7793, 0.694, 0.8629, 0.595, 0.6805, 0.7569, 0.5946, 0.7009, 0.8569, 1.0, 0.6003, 0.3871], [0.4026, 0.4802, 0.5056, 0.4, 0.5761, 0.259, 0.4171, 0.394, 0.401, 0.3295, 0.3527, 0.2685, -0.033, 0.2118, 0.1907, 0.1816, 0.2364, 0.5553, 0.5553, 0.6061, 0.5112, 0.3792, 0.5663, 0.5049, 0.3526, 0.5444, 0.4392, 0.4713, 0.4334, 0.5104, 0.4698, 0.4945, 0.5198, 0.4667, 0.5483, 0.3944, 0.4208, 0.5127, 0.6277, 0.6713, 0.5954, 0.6397, 0.5872, 0.6001, 0.7547, 0.7455, 0.702, 0.7015, 0.7317, 0.6353, 0.7145, 0.7443, 0.7793, 0.7184, 0.7834, 0.7347, 0.587, 0.6797, 0.7602, 0.7932, 0.8838, 0.6626, 0.6373, 0.6003, 1.0, 0.6239], [0.4001, 0.5504, 0.4807, 0.4039, 0.5695, 0.2535, 0.3545, 0.3519, 0.3243, 0.2758, 0.3937, 0.3216, 0.0144, 0.2734, 0.2486, 0.2071, 0.2983, 0.5672, 0.5865, 0.452, 0.4513, 0.4699, 0.6854, 0.582, 0.4449, 0.6787, 0.7072, 0.4595, 0.5715, 0.5667, 0.5601, 0.5125, 0.6115, 0.6426, 0.6586, 0.5538, 0.5163, 0.7297, 0.5713, 0.6092, 0.5663, 0.601, 0.5587, 0.495, 0.5462, 0.5486, 0.4507, 0.4606, 0.5659, 0.3798, 0.5417, 0.4927, 0.5562, 0.4241, 0.5365, 0.3796, 0.4298, 0.617, 0.5432, 0.6083, 0.6403, 0.5126, 0.4682, 0.3871, 0.6239, 1.0]], "genre_colors": {"Law": "#e6c865", "History": "#7cb5a0", "Wisdom": "#c490d1", "Major Prophets": "#e07a5f", "Minor Prophets": "#f2a65a", "Gospels": "#5b9bd5", "Acts": "#45a0a0", "Pauline Epistles": "#8bc34a", "General Epistles": "#4dd0e1", "Apocalyptic": "#ef5350"}}